#totalSF 2.843e+05 3.163e+04 3.242e+04
 6.60  6.70 24.93 0.0000e+00 7.1399e-05 0.0000e+00  0.000 0.000 1.000  0.000 0.216 0.000 1.0000 0.0000 0.0000
 6.70  6.80 24.93 0.0000e+00 5.3405e-05 0.0000e+00  0.000 0.000 0.800  0.000 0.153 0.000 1.0000 0.0000 0.0001
 6.80  6.90 24.93 0.0000e+00 4.3922e-05 0.0000e+00  0.000 0.000 0.800  0.000 0.153 0.000 1.0000 0.0000 0.0003
 6.90  7.00 24.93 0.0000e+00 3.2551e-05 0.0000e+00  0.000 0.000 0.800  0.000 0.153 0.000 1.0000 0.0000 0.0004
 7.00  7.10 24.93 0.0000e+00 2.5388e-05 0.0000e+00  0.000 0.000 0.800  0.000 0.153 0.000 1.0000 0.0000 0.0005
 7.10  7.20 24.93 0.0000e+00 2.0907e-05 0.0000e+00  0.000 0.000 0.800  0.000 0.153 0.000 1.0000 0.0000 0.0007
 7.20  7.30 24.93 0.0000e+00 1.6097e-05 0.0000e+00  0.000 0.000 0.801  0.000 0.153 0.000 1.0000 0.0000 0.0008
 7.30  7.40 24.93 0.0000e+00 1.2910e-05 0.0000e+00  0.000 0.000 0.801  0.000 0.153 0.000 1.0000 0.0000 0.0009
 7.40  7.50 24.93 0.0000e+00 9.9427e-06 0.0000e+00  0.000 0.000 0.801  0.000 0.153 0.000 1.0000 0.0000 0.0010
 7.50  7.60 24.93 0.0000e+00 7.4730e-06 0.0000e+00  0.000 0.000 0.801  0.000 0.153 0.000 1.0000 0.0000 0.0010
 7.60  7.70 24.93 0.0000e+00 6.3406e-06 0.0000e+00  0.000 0.000 0.801  0.000 0.153 0.000 1.0000 0.0000 0.0012
 7.70  7.80 24.93 0.0000e+00 4.8940e-06 0.0000e+00  0.000 0.000 0.802  0.000 0.153 0.000 1.0000 0.0000 0.0013
 7.80  7.90 24.93 0.0000e+00 4.5742e-06 0.0000e+00  0.000 0.000 1.532  0.000 0.216 0.000 1.0000 0.0000 0.0014
 7.90  8.00 24.93 0.0000e+00 3.9082e-06 0.0000e+00  0.000 0.000 0.803  0.000 0.153 0.000 1.0000 0.0000 0.0015
 8.00  8.10 24.93 4.1270e-06 1.0712e-06 4.1270e-06 -0.803 0.100 0.505  0.153 0.000 0.000 1.0000 0.0000 0.0017
 8.10  8.20 24.93 6.9657e-06 9.4210e-07 6.9657e-06 -0.804 0.302 0.183  0.153 0.000 0.000 0.9996 0.0001 0.0014
 8.20  8.30 24.93 0.0000e+00 2.1707e-06 0.0000e+00  0.000 0.000 1.363  0.000 0.216 0.000 0.9988 0.0005 0.0010
 8.30  8.40 24.93 0.0000e+00 1.5286e-06 0.0000e+00  0.000 0.000 1.544  0.000 0.216 0.000 0.9988 0.0002 0.0012
 8.40  8.50 24.93 0.0000e+00 1.1115e-06 0.0000e+00  0.000 0.000 1.534  0.000 0.216 0.000 0.9988 0.0002 0.0013
 8.50  8.60 24.93 0.0000e+00 9.2297e-07 0.0000e+00  0.000 0.000 0.810  0.000 0.153 0.000 0.9988 0.0002 0.0014
 8.60  8.70 24.93 0.0000e+00 8.1201e-07 0.0000e+00  0.000 0.000 0.813  0.000 0.153 0.000 0.9988 0.0002 0.0015
 8.70  8.75 24.93 0.0000e+00 1.8025e-06 0.0000e+00  0.000 0.000 0.816  0.000 0.153 0.000 0.9988 0.0002 0.0016
 8.75  8.80 24.93 0.0000e+00 1.9126e-06 0.0000e+00  0.000 0.000 0.818  0.000 0.153 0.000 0.9988 0.0002 0.0018
 8.80  8.85 24.93 0.0000e+00 2.2875e-06 0.0000e+00  0.000 0.000 1.028  0.000 0.216 0.000 0.9988 0.0002 0.0020
 8.85  8.90 24.93 3.9734e-06 7.8000e-09 3.9734e-06 -0.822 0.310 0.000  0.153 0.000 0.000 0.9988 0.0003 0.0022
 8.90  8.95 24.93 5.9460e-08 3.3743e-06 5.9460e-08 -0.825 0.162 0.004  0.153 0.000 0.000 0.9976 0.0015 0.0015
 8.95  9.00 24.93 0.0000e+00 5.4159e-06 0.0000e+00  0.000 0.000 1.219  0.000 0.216 0.000 0.9976 0.0018 0.0020
 9.00  9.05 24.93 1.2945e-05 0.0000e+00 1.1596e-05 -0.832 0.314 0.300  0.153 0.000 0.000 0.9976 0.0017 0.0033
 9.05  9.10 24.93 0.0000e+00 6.3149e-06 0.0000e+00  0.000 0.000 1.610  0.000 0.216 0.000 0.9920 0.0051 0.0009
 9.10  9.15 24.93 0.0000e+00 5.6121e-06 0.0000e+00  0.000 0.000 1.629  0.000 0.216 0.000 0.9920 0.0031 0.0024
 9.15  9.20 24.93 6.3071e-06 3.0156e-06 6.3071e-06 -0.845 0.302 0.001  0.153 0.000 0.000 0.9920 0.0010 0.0044
 9.20  9.25 24.93 6.0313e-06 8.2916e-06 6.0313e-06 -0.851 0.397 0.099  0.153 0.000 0.000 0.9882 0.0068 0.0028
 9.25  9.30 24.93 9.5756e-06 7.5382e-06 9.5756e-06 -0.858 0.303 0.242  0.153 0.000 0.000 0.9841 0.0073 0.0054
 9.30  9.35 24.93 2.0632e-05 1.0979e-05 1.7014e-05 -0.866 0.098 0.584  0.153 0.000 0.000 0.9768 0.0130 0.0049
 9.35  9.40 24.93 1.1718e-05 7.0179e-06 1.1718e-05 -0.874 0.000 0.594  0.153 0.000 0.000 0.9591 0.0150 0.0096
 9.40  9.45 24.93 0.0000e+00 1.1456e-05 0.0000e+00  0.000 0.000 1.241  0.000 0.216 0.000 0.9479 0.0135 0.0031
 9.45  9.50 24.93 0.0000e+00 1.2360e-05 0.0000e+00  0.000 0.000 1.751  0.000 0.216 0.000 0.9479 0.0092 0.0129
 9.50  9.55 24.93 1.7321e-05 4.9938e-06 1.7321e-05 -0.909 0.327 0.004  0.153 0.000 0.000 0.9479 0.0028 0.0183
 9.55  9.60 24.93 1.2302e-05 9.9832e-06 1.2302e-05 -0.925 0.000 0.642  0.153 0.000 0.000 0.9244 0.0235 0.0137
 9.60  9.65 24.93 0.0000e+00 1.8726e-05 0.0000e+00  0.000 0.000 1.857  0.000 0.216 0.000 0.9056 0.0270 0.0174
 9.65  9.70 24.93 8.5072e-06 1.5972e-05 8.5072e-06 -0.964 0.377 0.203  0.153 0.000 0.000 0.9056 0.0098 0.0298
 9.70  9.75 24.93 3.1637e-05 4.4080e-06 3.1637e-05 -0.989 0.008 0.687  0.153 0.000 0.000 0.8893 0.0104 0.0413
 9.75  9.80 24.93 6.2245e-06 2.7961e-05 6.2245e-06 -1.019 0.088 0.704  0.153 0.000 0.000 0.8213 0.0676 0.0130
 9.80  9.85 24.93 1.1161e-05 1.8345e-05 1.1161e-05 -1.055 0.184 0.100  0.153 0.000 0.000 0.8063 0.0283 0.0507
 9.85  9.90 24.93 3.2222e-05 1.5589e-05 3.2222e-05 -1.100 0.083 0.731  0.153 0.000 0.000 0.7760 0.0438 0.0453
 9.90  9.95 24.93 0.0000e+00 4.3421e-05 0.0000e+00  0.000 0.000 1.696  0.000 0.218 0.000 0.6781 0.1146 0.0558
 9.95 10.00 24.93 4.5215e-05 6.3260e-06 4.5215e-05 -1.229 0.255 0.205  0.155 0.000 0.003 0.6781 0.0911 0.1121
10.00 10.05 24.93 0.0000e+00 5.8177e-05 0.0000e+00  0.000 0.000 2.448  0.000 0.219 0.000 0.5052 0.1871 0.0153
10.05 10.10 24.93 1.3670e-05 3.3394e-05 1.3670e-05 -1.480 0.118 0.313  0.162 0.007 0.000 0.5052 0.0746 0.2159
10.10 10.15 24.93 8.1314e-05 9.9557e-06 3.8241e-05 -1.758 0.080 0.433  0.192 0.043 0.041 0.4394 0.0531 0.2314
